194
411
84
356
499
304
344
423
167
444
1
244
85
295
39
91
311
61
410
339
455
434
367
49
291
240
125
68
352
79
470
38
130
317
81
459
101
446
176
471
362
393
18
437
238
231
456
307
231
69
376
88
283
453
50
186
411
106
48
270
441
18
246
249
182
187
237
40
437
215
457
92
276
461
209
100
454
484
445
413
182
187
174
97
236
378
466
467
63
299
159
397
306
144
242
107
227
153
270
158
423
44
198
241
47
465
376
151
227
21
242
406
413
205
445
178
220
360
408
186
373
498
155
414
482
206
170
46
407
281
384
358
67
233
52
76
302
73
145
225
409
348
318
261
203
314
419
122
471
314
134
289
350
235
346
391
467
34
45
81
191
402
72
358
427
67
91
93
250
72
385
465
59
110
284
339
299
65
44
49
141
37
20
354
419
115
485
1
259
34
467
162
239
337
168
468
435
55
187
191
388
78
72
308
257
402
362
94
39
179
203
244
56
208
102
497
470
496
354
143
497
222
137
462
41
467
51
143
342
114
30
424
124
123
25
207
190
466
481
433
309
441
336
35
85
415
67
240
462
362
470
180
489
316
127
400
350
176
322
458
424
5
439
14
333
87
362
52
103
388
217
138
439
464
336
235
49
162
105
75
400
118
181
284
306
99
414
121
443
193
431
126
88
127
360
347
184
35
445
412
368
219
89
60
312
300
130
484
252
286
287
371
37
42
336
65
391
411
279
2
489
281
436
495
245
15
498
279
222
82
25
474
316
288
384
483
174
220
231
74
340
393
266
376
409
355
115
259
110
31
425
467
93
215
112
484
422
369
279
227
452
191
155
74
106
293
335
486
378
94
21
301
482
120
405
269
377
285
413
111
25
137
372
277
124
487
324
310
432
305
64
316
345
44
399
241
56
204
71
487
172
224
451
468
486
475
124
47
117
123
87
200
262
58
385
131
123
241
213
117
446
165
465
378
396
13
240
216
166
296
71
393
223
425
15
361
228
203
217
209
269
115
408
117
61
407
425
458
182
146
56
394
217
254
270
302
83
471
396
451
316
354
443
341
201
420
37
221
139
472
342
474
317
146
355
68
96
378
83
482
496
35
489
368
437
411
494
199
449
199
378
145
320
388
203
343
349
219
254
452
125
21
23
439
84
383
440
146
200
304
423
147
192
289
472
355
16
63
282
69
215
337
231
176
98
34
464
462
385
499
59
124
343
302
460
464
379
255
360
391
167
406
253
68
172
194
376
316
124
462
108
269
473
336
462
101
248
394
165
151
388
408
272
332
124
279
88
64
360
241
393
24
206
243
220
387
175
353
450
327
88
407
486
153
254
376
89
376
319
290
3
378
227
348
97
434
229
310
497
390
350
17
129
21
56
434
193
354
249
136
177
449
99
96
300
100
174
113
335
458
277
187
368
439
41
476
316
275
189
311
286
350
221
68
154
194
294
284
52
413
125
389
32
255
38
417
431
229
306
25
347
439
112
231
5
356
38
305
61
477
14
164
148
101
184
313
85
25
235
376
416
246
250
445
295
60
359
227
86
213
26
14
94
376
490
291
150
348
255
55
237
399
91
388
492
289
86
354
287
132
402
493
199
497
394
402
67
43
481
148
443
311
329
60
311
422
403
285
166
462
315
421
98
106
36
201
265
328
17
271
32
337
1
247
216
144
343
8
70
184
421
18
123
409
388
169
8
356
156
288
184
46
477
69
33
337
338
172
461
26
389
328
278
473
436
225
75
392
372
402
291
439
146
370
426
93
281
438
454
61
157
437
385
37
467
60
396
91
458
279
101
371
152
100
460
418
272
183
155
236
498
42
388
250
426
254
172
206
375
212
220
133
339
201
205
412
210
352
380
193
25
298
328
433
499
332
322
281
489
119
144
238
346
497
107
481
459
27
119
3
182
7
310
398
357
223
302
17
7
217
287
484
491
132
205
245
30
251
63
32
60
36
331
119
436
101
364
148
99
258
437
314
228
469
91
119
79
420
31
481
292
466
487
247
258
49
55
321
44
309
400
445
350
6
424
458
364
322
103
283
23
55
118
164
128
417
408
422
252
20
355
428
407
467
11
37
163
58
379
452
391
469
177
278
36
175
424
410
390
100
430
182
1
235
54
402
265
419
173
243
421
403
92
2
152
335
295
209
249
256
378
448
297
390
397
80
413
248
169
312
308
437
431
358
81
445
485
419
387
352
374
208
331
60
203
338
420
185
355
40
112
7
121
80
131
62
219
211
383
427
94
209
494
168
132
283
225
52
342
242
